Last login: Mon Jul 30 12:05:18 on ttys000
Brians-MacBook-Pro-3:~ bwang$ python botrain.py
python: can't open file 'botrain.py': [Errno 2] No such file or directory
Brians-MacBook-Pro-3:~ bwang$ cd Documents/projects/box_office_predict/
Brians-MacBook-Pro-3:box_office_predict bwang$ python botrain.py
Traceback (most recent call last):
  File "botrain.py", line 230, in <module>
    p = bo_train()
  File "botrain.py", line 36, in __init__
    y_train = self.log_transform(y_train)
AttributeError: 'bo_train' object has no attribute 'log_transform'
Brians-MacBook-Pro-3:box_office_predict bwang$ python botrain.py
[8877.20038777221, 5416.022707679034, 3309.9409636657388, 2028.4174714033352, 1248.6269505335526, 774.1344168569186, 485.41173746318117, 309.7275981455915, 202.82594020529396, 137.77752755026782, 98.19627027959042, 74.11144581785976, 59.455999164355546, 50.53820626363398, 45.11170104518448, 41.809598972959, 39.800168585459126, 38.577312106462315, 37.83307562181001, 37.38007318020759, 37.10428286756908, 36.93632383222437, 36.833978728349706, 36.771558850120556, 36.73343295416846, 36.71008963221485, 36.69574131603467, 36.686866345640006, 36.68132183673354, 36.67780387209227, 36.67551903504555, 36.67398454186917, 36.67290662494616, 36.67210653050272, 36.67147548919237, 36.670947316282536, 36.67048173922423, 36.670054252695216, 36.669649945525585, 36.66925974446245, 36.668878128549274, 36.668501738355964, 36.66812852971288, 36.66775725876942, 36.66738716865862, 36.66701779883672, 36.66664886906872, 36.66628020883562, 36.66591171437832, 36.66554332256121, 36.66517499496654, 36.664806708218116, 36.66443844809149, 36.66407020593129, 36.663701976470826, 36.66333375650555, 36.66296554408515, 36.66259733802314, 36.66222913759755, 36.66186094236881, 36.6614927520697, 36.661124566537424, 36.660756385672954, 36.66038820941598, 36.660020037729915, 36.65965187059222, 36.659283707989395, 36.658915549913225, 36.658547396358415, 36.658179247321954, 36.657811102801936, 36.657442962797134, 36.657074827306836, 36.656706696330566, 36.65633856986803, 36.65597044791897, 36.655602330483326, 36.65523421756087, 36.65486610915158, 36.65449800525527, 36.65412990587205, 36.653761811001786, 36.65339372064439, 36.65302563479983, 36.65265755346803, 36.6522894766489, 36.65192140434245, 36.6515533365486, 36.65118527326729, 36.650817214498446, 36.6504491602421, 36.65008111049805, 36.64971306526639, 36.64934502454692, 36.648976988339754, 36.648608956644686, 36.64824092946171, 36.64787290679082, 36.647504888631886, 36.647136874984874, 36.64676886584975, 36.64640086122654, 36.646032861114946, 36.64566486551509, 36.645296874426954, 36.64492888785046, 36.644560905785426, 36.6441929282319, 36.64382495518986, 36.643456986659096, 36.64308902263973, 36.64272106313167, 36.642353108134785, 36.64198515764903, 36.641617211674394, 36.64124927021086, 36.64088133325824, 36.640513400816616, 36.640145472885806, 36.63977754946589, 36.639409630556685, 36.63904171615833, 36.6386738062704, 36.63830590089329, 36.637938000026665, 36.6375701036705, 36.637202211824864, 36.63683432448951, 36.63646644166457, 36.63609856334983, 36.63573068954542, 36.635362820251096, 36.63499495546688, 36.63462709519273, 36.63425923942855, 36.63389138817434, 36.633523541429994, 36.6331556991955, 36.63278786147073, 36.63242002825576, 36.632052199550444, 36.63168437535474, 36.631316555668576, 36.63094874049192, 36.63058092982467, 36.63021312366685, 36.62984532201834, 36.62947752487912, 36.62910973224915, 36.6287419441283, 36.62837416051664, 36.62800638141392, 36.62763860682033, 36.627270836735576, 36.62690307115985, 36.626535310092834, 36.6261675535346, 36.625799801485165, 36.62543205394434, 36.62506431091218, 36.62469657238857, 36.62432883837345, 36.623961108866766, 36.623593383868496, 36.62322566337857, 36.62285794739698, 36.622490235923514, 36.622122528958315, 36.62175482650118, 36.62138712855213, 36.62101943511112, 36.620651746178, 36.6202840617528, 36.6199163818354, 36.619548706425846, 36.61918103552406, 36.61881336912989, 36.61844570724331, 36.61807804986428, 36.617710396992884, 36.61734274862885, 36.61697510477222, 36.61660746542293, 36.61623983058099, 36.61587220024622, 36.61550457441862, 36.61513695309822, 36.61476933628486, 36.614401723978524, 36.61403411617908, 36.61366651288662, 36.61329891410093, 36.61293131982208, 36.61256373004997, 36.612196144784505, 36.61182856402569, 36.61146098777347, 36.61109341602771, 36.61072584878845, 36.61035828605563, 36.60999072782905, 36.609623174108854, 36.60925562489489, 36.6088880801871, 36.60852053998543, 36.60815300428988, 36.60778547310028, 36.607417946416675, 36.60705042423896, 36.606682906567144, 36.60631539340106, 36.60594788474076, 36.605580380586176, 36.60521288093715, 36.60484538579374, 36.60447789515585, 36.60411040902348, 36.603742927396425, 36.60337545027476, 36.60300797765846, 36.602640509547335, 36.60227304594141, 36.60190558684059, 36.60153813224486, 36.60117068215423, 36.60080323656848, 36.6004357954877, 36.60006835891176, 36.59970092684063, 36.59933349927422, 36.59896607621256, 36.59859865765547, 36.598231243602996, 36.59786383405501, 36.59749642901163, 36.59712902847253, 36.596761632437826, 36.59639424090747, 36.5960268538813, 36.5956594713593, 36.59529209334157, 36.59492471982778, 36.59455735081816, 36.594189986312415, 36.59382262631065, 36.593455270812704, 36.59308791981861, 36.59272057332824, 36.59235323134158, 36.59198589385853, 36.59161856087909, 36.59125123240322, 36.590883908430804, 36.590516588961805, 36.59014927399612, 36.589781963533866, 36.5894146575748, 36.58904735611902, 36.5886800591662, 36.588312766716605, 36.58794547877002, 36.58757819532642, 36.587210916385715, 36.586843641947915, 36.58647637201293, 36.58610910658072, 36.585741845651185, 36.58537458922431, 36.58500733730002, 36.5846400898783, 36.584272846959074, 36.58390560854221, 36.58353837462774, 36.58317114521563, 36.58280392030574, 36.58243669989806, 36.582069483992555, 36.581702272589105, 36.581335065687774, 36.580967863288386, 36.58060066539093, 36.580233471995385, 36.579866283101616, 36.57949909870966, 36.57913191881939, 36.57876474343082, 36.57839757254377, 36.578030406158305, 36.57766324427431, 36.577296086891785, 36.57692893401067, 36.57656178563082, 36.57619464175226, 36.57582750237485, 36.57546036749871, 36.575093237123596, 36.5747261112496, 36.57435898987648, 36.57399187300447, 36.57362476063323, 36.5732576527628, 36.5728905493932, 36.572523450524315, 36.57215635615609, 36.57178926628848, 36.57142218092136, 36.571055100054764, 36.57068802368868, 36.57032095182293, 36.56995388445752, 36.56958682159236, 36.569219763227395, 36.568852709362694, 36.5684856599981, 36.56811861513348, 36.567751574768906, 36.56738453890422, 36.56701750753955, 36.56665048067458, 36.566283458309464, 36.56591644044406, 36.565549427078345, 36.56518241821223, 36.56481541384562, 36.564448413978575, 36.564081418610996, 36.563714427742816, 36.5633474413739, 36.56298045950429, 36.56261348213391, 36.56224650926274, 36.56187954089073, 36.56151257701771, 36.56114561764368, 36.560778662768655, 36.560411712392565, 36.56004476651522, 36.559677825136696, 36.55931088825687, 36.55894395587582, 36.558577027993366, 36.55821010460938, 36.55784318572396, 36.55747627133704, 36.5571093614485, 36.55674245605829, 36.556375555166404, 36.55600865877277, 36.5556417668772, 36.555274879479875, 36.55490799658056, 36.55454111817929, 36.55417424427591, 36.5538073748705, 36.55344050996291, 36.55307364955316, 36.552706793641114, 36.552339942226844, 36.55197309531009, 36.55160625289096, 36.551239414969324, 36.55087258154511, 36.550505752618406, 36.55013892818897, 36.54977210825685, 36.54940529282204, 36.54903848188439, 36.54867167544382, 36.548304873500406, 36.54793807605393, 36.54757128310446, 36.54720449465188, 36.5468377106962, 36.54647093123731, 36.54610415627511, 36.54573738580965, 36.545370619840895, 36.5450038583686, 36.544637101392965, 36.54427034891372, 36.543903600930854, 36.54353685744441, 36.54317011845421, 36.542803383960305, 36.542436653962596, 36.54206992846105, 36.54170320745559, 36.541336490946115, 36.54096977893262, 36.54060307141505, 36.54023636839337, 36.5398696698675, 36.53950297583741, 36.53913628630294, 36.538769601264164, 36.538402920721, 36.53803624467325, 36.537669573121114, 36.53730290606435, 36.536936243502964, 36.53656958543689, 36.536202931866065, 36.53583628279049, 36.53546963821, 36.53510299812468, 36.53473636253432, 36.53436973143899, 36.5340031048385, 36.533636482732994, 36.533269865122215, 36.53290325200632, 36.53253664338504, 36.53217003925843, 36.53180343962639, 36.53143684448902, 36.53107025384596, 36.5307036676974, 36.530337086043275, 36.52997050888345, 36.52960393621787, 36.5292373680465, 36.52887080436928, 36.52850424518615, 36.528137690497104, 36.527771140302036, 36.5274045946009, 36.52703805339364, 36.526671516680224, 36.526304984460566, 36.52593845673463, 36.52557193350229, 36.52520541476366, 36.52483890051851, 36.5244723907669, 36.52410588550868, 36.52373938474388, 36.523372888472466, 36.52300639669429, 36.52263990940924, 36.52227342661751, 36.52190694831877, 36.52154047451313, 36.521174005200415, 36.520807540380765, 36.52044108005396, 36.52007462421994, 36.519708172878765, 36.519341726030326, 36.51897528367447, 36.51860884581133, 36.518242412440706, 36.51787598356253, 36.51750955917688, 36.51714313928356, 36.51677672388264, 36.516410312973974, 36.51604390655759, 36.51567750463332, 36.515311107201136, 36.514944714261055, 36.514578325813, 36.51421194185687, 36.51384556239262, 36.5134791874203, 36.513112816939724, 36.51274645095085, 36.51238008945364, 36.512013732448146, 36.51164737993418, 36.51128103191171, 36.510914688380694, 36.51054834934101, 36.51018201479275, 36.50981568473575, 36.50944935917006, 36.50908303809553, 36.508716721512066, 36.50835040941969, 36.507984101818366, 36.50761779870807, 36.507251500088536, 36.50688520595995, 36.50651891632218, 36.50615263117507, 36.50578635051866, 36.50542007435293, 36.50505380267774, 36.504687535493076, 36.50432127279886, 36.50395501459509, 36.5035887608817, 36.50322251165857, 36.50285626692567, 36.502490026683006, 36.502123790930455, 36.50175755966794, 36.501391332895565, 36.50102511061305, 36.500658892820525, 36.50029267951781, 36.49992647070492] 32.60391307448312
Brians-MacBook-Pro-3:box_office_predict bwang$ python botrain.py
[10383.531163451262, 6319.493710999585, 3846.5797662491195, 2341.843780634661, 1426.2314903335368, 869.093306062916, 530.0819527391637, 323.79793893181625, 198.2767848728375, 121.89878051089588, 75.42374354851916, 47.144273309388716, 29.93656875686505, 19.46588961744917, 13.094602815476598, 9.217742931364368, 6.858709382634552, 5.423253417221102, 4.549782398719885, 4.0182719110136835, 3.6948399586915097, 3.498021088911574, 3.3782446332181295, 3.3053474846077213, 3.260975784791873, 3.2339614497255775, 3.2175088455276057, 3.207482917370131, 3.2013675381739435, 3.1976316773378937, 3.195343722654872, 3.1939368002140704, 3.193065974613938, 3.192521357149092, 3.192175233272277, 3.1919498903426415, 3.191798041229005, 3.19169091232709, 3.1916109952729355, 3.191547636454812, 3.19149435328854, 3.1914472012059636, 3.191403779988647, 3.1913626291349266, 3.191322859948489, 3.191283931669216, 3.1912455152515995, 3.1912074104757147, 3.1911694955103522, 3.191131696222801, 3.1910939675042655, 3.191056281906625, 3.1910186227280635, 3.1909809798057283, 3.190943346955659, 3.1909057204149978, 3.190868097894097, 3.1908304779997008, 3.1907928598840782, 3.190755243031358, 3.1907176271276527, 3.1906800119819607, 3.1906423974780465, 3.1906047835451976, 3.190567170140375, 3.19052955723739, 3.1904919448203053, 3.1904543328794195, 3.19041672140882, 3.1903791104049253, 3.190341499865541, 3.190303889789324, 3.190266280175471, 3.1902286710234793, 3.190191062333043, 3.1901534541039784, 3.190115846336164, 3.190078239029531, 3.190040632184023, 3.190003025799627, 3.189965419876303, 3.189927814414052, 3.1898902094128547, 3.189852604872704, 3.1898150007935886, 3.1897773971755057, 3.189739794018444, 3.189702191322403, 3.189664589087379, 3.1896269873133565, 3.189589386000339, 3.189551785148314, 3.189514184757281, 3.1894765848272293, 3.189438985358158, 3.189401386350056, 3.1893637878029244, 3.189326189716754, 3.18928859209154, 3.1892509949272774, 3.1892133982239534, 3.1891758019815732, 3.1891382062001234, 3.1891006108796045, 3.189063016020001, 3.1890254216213205, 3.1889878276835457, 3.188950234206679, 3.188912641190712, 3.1888750486356328, 3.1888374565414477, 3.188799864908142, 3.1887622737357164, 3.188724683024157, 3.1886870927734625, 3.1886495029836315, 3.188611913654651, 3.1885743247865213, 3.188536736379234, 3.1884991484327814, 3.1884615609471645, 3.1884239739223728, 3.1883863873583986, 3.188348801255243, 3.188311215612888, 3.1882736304313406, 3.1882360457105885, 3.1881984614506345, 3.188160877651458, 3.1881232943130735, 3.1880857114354515, 3.1880481290186085, 3.1880105470625266, 3.1879729655672002, 3.187935384532627, 3.1878978039588026, 3.187860223845716, 3.187822644193364, 3.187785065001746, 3.18774748627085, 3.18770990800067, 3.187672330191208, 3.187634752842447, 3.1875971759543966, 3.187559599527032, 3.1875220235603607, 3.1874844480543763, 3.1874468730090673, 3.187409298424434, 3.1873717243004687, 3.187334150637166, 3.1872965774345206, 3.187259004692518, 3.187221432411169, 3.187183860590451, 3.1871462892303746, 3.187108718330923, 3.187071147892092, 3.1870335779138843, 3.1869960083962816, 3.1869584393392874, 3.1869208707428935, 3.1868833026070926, 3.1868457349318784, 3.1868081677172477, 3.186770600963194, 3.186733034669713, 3.1866954688367963, 3.1866579034644404, 3.186620338552644, 3.1865827741013915, 3.1865452101106815, 3.186507646580508, 3.18647008351087, 3.1864325209017585, 3.1863949587531657, 3.1863573970650916, 3.1863198358375238, 3.1862822750704654, 3.186244714763899, 3.1862071549178244, 3.186169595532236, 3.186132036607137, 3.186094478142508, 3.1860569201383497, 3.1860193625946547, 3.185981805511419, 3.1859442488886356, 3.1859066927263036, 3.1858691370244054, 3.1858315817829483, 3.185794027001921, 3.185756472681323, 3.185718918821138, 3.1856813654213663, 3.1856438124820023, 3.1856062600030493, 3.185568707984483, 3.1855311564263133, 3.185493605328526, 3.1854560546911186, 3.1854185045140886, 3.185380954797422, 3.18534340554112, 3.185305856745174, 3.1852683084095763, 3.1852307605343295, 3.185193213119425, 3.1851556661648455, 3.185118119670604, 3.1850805736366845, 3.1850430280630784, 3.1850054829497854, 3.1849679382968, 3.1849303941041227, 3.184892850371731, 3.1848553070996277, 3.1848177642878137, 3.1847802219362733, 3.1847426800450043, 3.184705138614009, 3.1846675976432675, 3.184630057132786, 3.184592517082551, 3.1845549774925606, 3.184517438362811, 3.1844798996932937, 3.1844423614840047, 3.1844048237349316, 3.1843672864460792, 3.184329749617434, 3.184292213249, 3.1842546773407583, 3.1842171418927143, 3.1841796069048582, 3.184142072377182, 3.184104538309685, 3.184067004702355, 3.184029471555193, 3.1839919388681883, 3.18395440664134, 3.183916874874638, 3.1838793435680777, 3.1838418127216546, 3.1838042823353665, 3.1837667524092006, 3.1837292229431595, 3.183691693937227, 3.1836541653914074, 3.18361663730569, 3.1835791096800663, 3.1835415825145357, 3.1835040558090943, 3.183466529563731, 3.183429003778445, 3.1833914784532285, 3.1833539535880746, 3.1833164291829736, 3.1832789052379358, 3.183241381752938, 3.183203858727985, 3.18316633616306, 3.1831288140581666, 3.1830912924133057, 3.183053771228452, 3.1830162505036164, 3.1829787302387906, 3.182941210433964, 3.1829036910891353, 3.1828661722042932, 3.1828286537794397, 3.182791135814563, 3.1827536183096625, 3.1827161012647243, 3.1826785846797514, 3.1826410685547333, 3.1826035528896686, 3.182566037684547, 3.1825285229393687, 3.182491008654125, 3.1824534948288017, 3.1824159814634054, 3.18237846855793, 3.182340956112361, 3.182303444126698, 3.182265932600934, 3.182228421535069, 3.1821909109290925, 3.182153400782994, 3.1821158910967804, 3.182078381870432, 3.1820408731039547, 3.18200336479734, 3.181965856950574, 3.181928349563657, 3.181890842636589, 3.1818533361693557, 3.1818158301619546, 3.1817783246143825, 3.181740819526627, 3.181703314898688, 3.1816658107305673, 3.1816283070222444, 3.1815908037737213, 3.1815533009849895, 3.1815157986560463, 3.1814782967868855, 3.1814407953774935, 3.1814032944278847, 3.181365793938033, 3.181328293907943, 3.181290794337605, 3.1812532952270156, 3.181215796576168, 3.181178298385056, 3.181140800653675, 3.1811033033820224, 3.1810658065700914, 3.1810283102178714, 3.1809908143253516, 3.180953318892545, 3.1809158239194333, 3.1808783294060112, 3.1808408353522797, 3.1808033417582235, 3.180765848623841, 3.1807283559491317, 3.1806908637340845, 3.180653371978691, 3.18061588068296, 3.1805783898468682, 3.1805408994704143, 3.1805034095535993, 3.180465920096415, 3.1804284310988526, 3.1803909425609054, 3.1803534544825784, 3.180315966863855, 3.18027847970473, 3.180240993005203, 3.180203506765263, 3.1801660209849154, 3.180128535664141, 3.1800910508029423, 3.1800535664013116, 3.180016082459237, 3.1799785989767226, 3.179941115953758, 3.1799036333903374, 3.1798661512864594, 3.179828669642116, 3.179791188457294, 3.179753707732001, 3.1797162274662227, 3.1796787476599544, 3.179641268313194, 3.1796037894259337, 3.1795663109981644, 3.1795288330298863, 3.1794913555210895, 3.1794538784717723, 3.1794164018819298, 3.1793789257515463, 3.1793414500806296, 3.179303974869165, 3.1792665001171483, 3.179229025824574, 3.1791915519914427, 3.179154078617741, 3.1791166057034688, 3.1790791332486106, 3.179041661253174, 3.179004189717147, 3.1789667186405257, 3.178929248023298, 3.1788917778654646, 3.1788543081670197, 3.178816838927954, 3.1787793701482703, 3.1787419018279492, 3.178704433967, 3.1786669665654075, 3.178629499623164, 3.1785920331402746, 3.178554567116725, 3.178517101552513, 3.178479636447628, 3.178442171802073, 3.1784047076158384, 3.1783672438889132, 3.1783297806212967, 3.1782923178129865, 3.1782548554639747, 3.178217393574249, 3.1781799321438093, 3.178142471172653, 3.178105010660771, 3.1780675506081617, 3.17803009101481, 3.177992631880719, 3.1779551732058744, 3.177917714990282, 3.177880257233936, 3.1778427999368213, 3.177805343098932, 3.177767886720264, 3.177730430800823, 3.1776929753405914, 3.1776555203395627, 3.177618065797741, 3.1775806117151113, 3.177543158091673, 3.1775057049274196, 3.177468252222343, 3.177430799976446, 3.177393348189713, 3.177355896862143, 3.177318445993726, 3.177280995584462, 3.1772435456343464, 3.1772060961433657, 3.177168647111518, 3.177131198538798, 3.1770937504252106, 3.177056302770731, 3.1770188555753665, 3.1769814088391053, 3.176943962561948, 3.17690651674388, 3.176869071384908, 3.176831626485012, 3.1767941820441976, 3.1767567380624495, 3.1767192945397724, 3.176681851476159, 3.1766444088716006, 3.1766069667260832, 3.1765695250396178, 3.176532083812189, 3.176494643043789, 3.1764572027344222, 3.176419762884075, 3.1763823234927404, 3.1763448845604163, 3.176307446087098, 3.1762700080727795, 3.1762325705174534, 3.1761951334211154, 3.1761576967837546, 3.1761202606053773, 3.1760828248859627, 3.1760453896255223, 3.176007954824034, 3.175970520481504, 3.1759330865979223, 3.1758956531732814, 3.1758582202075782, 3.1758207877008076, 3.1757833556529595, 3.1757459240640302, 3.175708492934017, 3.175671062262915, 3.1756336320507135, 3.175596202297413, 3.175558773003, 3.175521344167476, 3.1754839157908346, 3.175446487873066, 3.1754090604141623, 3.175371633414127, 3.1753342068729524, 3.1752967807906285, 3.175259355167149, 3.1752219300025146, 3.17518450529671, 3.175147081049744, 3.175109657261598, 3.17507223393227, 3.175034811061755, 3.174997388650047, 3.1749599666971444, 3.1749225452030343, 3.174885124167718, 3.1748477035911837, 3.17481028347343, 3.1747728638144497, 3.1747354446142424, 3.174698025872789, 3.1746606075901003, 3.174623189766157, 3.1745857724009596, 3.1745483554945073, 3.174510939046788, 3.1744735230577947, 3.1744361075275256, 3.1743986924559784, 3.174361277843137, 3.1743238636890063, 3.17428644999357, 3.174249036756833, 3.174211623978784] 2.8461367884084527
Brians-MacBook-Pro-3:box_office_predict bwang$ python botrain.py
[10383.531163451262, 6319.493710999585, 3846.5797662491195, 2341.843780634661, 1426.2314903335368, 869.093306062916, 530.0819527391637, 323.79793893181625, 198.2767848728375, 121.89878051089588, 75.42374354851916, 47.144273309388716, 29.93656875686505, 19.46588961744917, 13.094602815476598, 9.217742931364368, 6.858709382634552, 5.423253417221102, 4.549782398719885, 4.0182719110136835, 3.6948399586915097, 3.498021088911574, 3.3782446332181295, 3.3053474846077213, 3.260975784791873, 3.2339614497255775, 3.2175088455276057, 3.207482917370131, 3.2013675381739435, 3.1976316773378937, 3.195343722654872, 3.1939368002140704, 3.193065974613938, 3.192521357149092, 3.192175233272277, 3.1919498903426415, 3.191798041229005, 3.19169091232709, 3.1916109952729355, 3.191547636454812, 3.19149435328854, 3.1914472012059636, 3.191403779988647, 3.1913626291349266, 3.191322859948489, 3.191283931669216, 3.1912455152515995, 3.1912074104757147, 3.1911694955103522, 3.191131696222801, 3.1910939675042655, 3.191056281906625, 3.1910186227280635, 3.1909809798057283, 3.190943346955659, 3.1909057204149978, 3.190868097894097, 3.1908304779997008, 3.1907928598840782, 3.190755243031358, 3.1907176271276527, 3.1906800119819607, 3.1906423974780465, 3.1906047835451976, 3.190567170140375, 3.19052955723739, 3.1904919448203053, 3.1904543328794195, 3.19041672140882, 3.1903791104049253, 3.190341499865541, 3.190303889789324, 3.190266280175471, 3.1902286710234793, 3.190191062333043, 3.1901534541039784, 3.190115846336164, 3.190078239029531, 3.190040632184023, 3.190003025799627, 3.189965419876303, 3.189927814414052, 3.1898902094128547, 3.189852604872704, 3.1898150007935886, 3.1897773971755057, 3.189739794018444, 3.189702191322403, 3.189664589087379, 3.1896269873133565, 3.189589386000339, 3.189551785148314, 3.189514184757281, 3.1894765848272293, 3.189438985358158, 3.189401386350056, 3.1893637878029244, 3.189326189716754, 3.18928859209154, 3.1892509949272774, 3.1892133982239534, 3.1891758019815732, 3.1891382062001234, 3.1891006108796045, 3.189063016020001, 3.1890254216213205, 3.1889878276835457, 3.188950234206679, 3.188912641190712, 3.1888750486356328, 3.1888374565414477, 3.188799864908142, 3.1887622737357164, 3.188724683024157, 3.1886870927734625, 3.1886495029836315, 3.188611913654651, 3.1885743247865213, 3.188536736379234, 3.1884991484327814, 3.1884615609471645, 3.1884239739223728, 3.1883863873583986, 3.188348801255243, 3.188311215612888, 3.1882736304313406, 3.1882360457105885, 3.1881984614506345, 3.188160877651458, 3.1881232943130735, 3.1880857114354515, 3.1880481290186085, 3.1880105470625266, 3.1879729655672002, 3.187935384532627, 3.1878978039588026, 3.187860223845716, 3.187822644193364, 3.187785065001746, 3.18774748627085, 3.18770990800067, 3.187672330191208, 3.187634752842447, 3.1875971759543966, 3.187559599527032, 3.1875220235603607, 3.1874844480543763, 3.1874468730090673, 3.187409298424434, 3.1873717243004687, 3.187334150637166, 3.1872965774345206, 3.187259004692518, 3.187221432411169, 3.187183860590451, 3.1871462892303746, 3.187108718330923, 3.187071147892092, 3.1870335779138843, 3.1869960083962816, 3.1869584393392874, 3.1869208707428935, 3.1868833026070926, 3.1868457349318784, 3.1868081677172477, 3.186770600963194, 3.186733034669713, 3.1866954688367963, 3.1866579034644404, 3.186620338552644, 3.1865827741013915, 3.1865452101106815, 3.186507646580508, 3.18647008351087, 3.1864325209017585, 3.1863949587531657, 3.1863573970650916, 3.1863198358375238, 3.1862822750704654, 3.186244714763899, 3.1862071549178244, 3.186169595532236, 3.186132036607137, 3.186094478142508, 3.1860569201383497, 3.1860193625946547, 3.185981805511419, 3.1859442488886356, 3.1859066927263036, 3.1858691370244054, 3.1858315817829483, 3.185794027001921, 3.185756472681323, 3.185718918821138, 3.1856813654213663, 3.1856438124820023, 3.1856062600030493, 3.185568707984483, 3.1855311564263133, 3.185493605328526, 3.1854560546911186, 3.1854185045140886, 3.185380954797422, 3.18534340554112, 3.185305856745174, 3.1852683084095763, 3.1852307605343295, 3.185193213119425, 3.1851556661648455, 3.185118119670604, 3.1850805736366845, 3.1850430280630784, 3.1850054829497854, 3.1849679382968, 3.1849303941041227, 3.184892850371731, 3.1848553070996277, 3.1848177642878137, 3.1847802219362733, 3.1847426800450043, 3.184705138614009, 3.1846675976432675, 3.184630057132786, 3.184592517082551, 3.1845549774925606, 3.184517438362811, 3.1844798996932937, 3.1844423614840047, 3.1844048237349316, 3.1843672864460792, 3.184329749617434, 3.184292213249, 3.1842546773407583, 3.1842171418927143, 3.1841796069048582, 3.184142072377182, 3.184104538309685, 3.184067004702355, 3.184029471555193, 3.1839919388681883, 3.18395440664134, 3.183916874874638, 3.1838793435680777, 3.1838418127216546, 3.1838042823353665, 3.1837667524092006, 3.1837292229431595, 3.183691693937227, 3.1836541653914074, 3.18361663730569, 3.1835791096800663, 3.1835415825145357, 3.1835040558090943, 3.183466529563731, 3.183429003778445, 3.1833914784532285, 3.1833539535880746, 3.1833164291829736, 3.1832789052379358, 3.183241381752938, 3.183203858727985, 3.18316633616306, 3.1831288140581666, 3.1830912924133057, 3.183053771228452, 3.1830162505036164, 3.1829787302387906, 3.182941210433964, 3.1829036910891353, 3.1828661722042932, 3.1828286537794397, 3.182791135814563, 3.1827536183096625, 3.1827161012647243, 3.1826785846797514, 3.1826410685547333, 3.1826035528896686, 3.182566037684547, 3.1825285229393687, 3.182491008654125, 3.1824534948288017, 3.1824159814634054, 3.18237846855793, 3.182340956112361, 3.182303444126698, 3.182265932600934, 3.182228421535069, 3.1821909109290925, 3.182153400782994, 3.1821158910967804, 3.182078381870432, 3.1820408731039547, 3.18200336479734, 3.181965856950574, 3.181928349563657, 3.181890842636589, 3.1818533361693557, 3.1818158301619546, 3.1817783246143825, 3.181740819526627, 3.181703314898688, 3.1816658107305673, 3.1816283070222444, 3.1815908037737213, 3.1815533009849895, 3.1815157986560463, 3.1814782967868855, 3.1814407953774935, 3.1814032944278847, 3.181365793938033, 3.181328293907943, 3.181290794337605, 3.1812532952270156, 3.181215796576168, 3.181178298385056, 3.181140800653675, 3.1811033033820224, 3.1810658065700914, 3.1810283102178714, 3.1809908143253516, 3.180953318892545, 3.1809158239194333, 3.1808783294060112, 3.1808408353522797, 3.1808033417582235, 3.180765848623841, 3.1807283559491317, 3.1806908637340845, 3.180653371978691, 3.18061588068296, 3.1805783898468682, 3.1805408994704143, 3.1805034095535993, 3.180465920096415, 3.1804284310988526, 3.1803909425609054, 3.1803534544825784, 3.180315966863855, 3.18027847970473, 3.180240993005203, 3.180203506765263, 3.1801660209849154, 3.180128535664141, 3.1800910508029423, 3.1800535664013116, 3.180016082459237, 3.1799785989767226, 3.179941115953758, 3.1799036333903374, 3.1798661512864594, 3.179828669642116, 3.179791188457294, 3.179753707732001, 3.1797162274662227, 3.1796787476599544, 3.179641268313194, 3.1796037894259337, 3.1795663109981644, 3.1795288330298863, 3.1794913555210895, 3.1794538784717723, 3.1794164018819298, 3.1793789257515463, 3.1793414500806296, 3.179303974869165, 3.1792665001171483, 3.179229025824574, 3.1791915519914427, 3.179154078617741, 3.1791166057034688, 3.1790791332486106, 3.179041661253174, 3.179004189717147, 3.1789667186405257, 3.178929248023298, 3.1788917778654646, 3.1788543081670197, 3.178816838927954, 3.1787793701482703, 3.1787419018279492, 3.178704433967, 3.1786669665654075, 3.178629499623164, 3.1785920331402746, 3.178554567116725, 3.178517101552513, 3.178479636447628, 3.178442171802073, 3.1784047076158384, 3.1783672438889132, 3.1783297806212967, 3.1782923178129865, 3.1782548554639747, 3.178217393574249, 3.1781799321438093, 3.178142471172653, 3.178105010660771, 3.1780675506081617, 3.17803009101481, 3.177992631880719, 3.1779551732058744, 3.177917714990282, 3.177880257233936, 3.1778427999368213, 3.177805343098932, 3.177767886720264, 3.177730430800823, 3.1776929753405914, 3.1776555203395627, 3.177618065797741, 3.1775806117151113, 3.177543158091673, 3.1775057049274196, 3.177468252222343, 3.177430799976446, 3.177393348189713, 3.177355896862143, 3.177318445993726, 3.177280995584462, 3.1772435456343464, 3.1772060961433657, 3.177168647111518, 3.177131198538798, 3.1770937504252106, 3.177056302770731, 3.1770188555753665, 3.1769814088391053, 3.176943962561948, 3.17690651674388, 3.176869071384908, 3.176831626485012, 3.1767941820441976, 3.1767567380624495, 3.1767192945397724, 3.176681851476159, 3.1766444088716006, 3.1766069667260832, 3.1765695250396178, 3.176532083812189, 3.176494643043789, 3.1764572027344222, 3.176419762884075, 3.1763823234927404, 3.1763448845604163, 3.176307446087098, 3.1762700080727795, 3.1762325705174534, 3.1761951334211154, 3.1761576967837546, 3.1761202606053773, 3.1760828248859627, 3.1760453896255223, 3.176007954824034, 3.175970520481504, 3.1759330865979223, 3.1758956531732814, 3.1758582202075782, 3.1758207877008076, 3.1757833556529595, 3.1757459240640302, 3.175708492934017, 3.175671062262915, 3.1756336320507135, 3.175596202297413, 3.175558773003, 3.175521344167476, 3.1754839157908346, 3.175446487873066, 3.1754090604141623, 3.175371633414127, 3.1753342068729524, 3.1752967807906285, 3.175259355167149, 3.1752219300025146, 3.17518450529671, 3.175147081049744, 3.175109657261598, 3.17507223393227, 3.175034811061755, 3.174997388650047, 3.1749599666971444, 3.1749225452030343, 3.174885124167718, 3.1748477035911837, 3.17481028347343, 3.1747728638144497, 3.1747354446142424, 3.174698025872789, 3.1746606075901003, 3.174623189766157, 3.1745857724009596, 3.1745483554945073, 3.174510939046788, 3.1744735230577947, 3.1744361075275256, 3.1743986924559784, 3.174361277843137, 3.1743238636890063, 3.17428644999357, 3.174249036756833, 3.174211623978784] 2.8461367884084527
Brians-MacBook-Pro-3:box_office_predict bwang$ python botrain.py
[10670.212214405745, 6493.0713681238985, 3951.335489377167, 2404.7222621186247, 1463.6282250075046, 890.9847392816605, 542.5386217400963, 330.5136866659908, 201.499266731062, 122.99566556372552, 75.22724063637311, 46.160770687229984, 28.4741970912645, 17.712142411122276, 11.163567426026809, 7.178840031867786, 4.754180549599456, 3.2788021004052434, 2.3810488128600964, 1.834772923226306, 1.5023664587104428, 1.3000967576962994, 1.1770135846778176, 1.102114384045089, 1.05653450395109, 1.0287950491141775, 1.0119112610582675, 1.0016330050994702, 0.9953741295629571, 0.991560994791944, 0.9892360615231763, 0.987816679569406, 0.9869483138700598, 0.98641523445212, 0.9860861724329423, 0.9858812524048159, 0.9857518712210649, 0.9856684544991013, 0.9856130066117895, 0.9855745774540783, 0.9855465040294705, 0.9855247319912572, 0.9855067943221996, 0.9854911898744005, 0.9854770052188816, 0.9854636845459941, 0.9854508896527943, 0.9854384147471864, 0.9854261346073594, 0.9854139730374694, 0.9854018836733345, 0.9853898383029511, 0.9853778197596826, 0.9853658175978548, 0.9853538254614082, 0.9853418394827618, 0.985329857308544, 0.9853178775067559, 0.9853058992060517, 0.9852939218762128, 0.9852819451946214, 0.9852699689649634, 0.9852579930677837, 0.9852460174303931, 0.9852340420085607, 0.9852220667753748, 0.9852100917144568, 0.9851981168158406, 0.9851861420734607, 0.9851741674836243, 0.9851621930440893, 0.9851502187534842, 0.9851382446109754, 0.9851262706160564, 0.9851142967684181, 0.9851023230678736, 0.9850903495143011, 0.985078376107636, 0.9850664028478305, 0.9850544297348588, 0.9850424567687017, 0.9850304839493492, 0.9850185112767936, 0.9850065387510286, 0.9849945663720521, 0.9849825941398603, 0.9849706220544494, 0.9849586501158191, 0.9849466783239638, 0.9849347066788865, 0.9849227351805835, 0.9849107638290487, 0.9848987926242869, 0.9848868215662911, 0.9848748506550629, 0.9848628798905991, 0.9848509092728972, 0.9848389388019562, 0.9848269684777734, 0.9848149983003477, 0.9848030282696795, 0.9847910583857639, 0.9847790886485998, 0.9847671190581851, 0.9847551496145197, 0.9847431803176, 0.9847312111674239, 0.9847192421639931, 0.9847072733073016, 0.9846953045973497, 0.9846833360341354, 0.9846713676176565, 0.98465939934791, 0.9846474312248973, 0.9846354632486152, 0.9846234954190584, 0.9846115277362316, 0.9845995602001301, 0.9845875928107478, 0.9845756255680901, 0.9845636584721514, 0.9845516915229282, 0.9845397247204225, 0.9845277580646303, 0.9845157915555507, 0.9845038251931798, 0.9844918589775206, 0.9844798929085652, 0.9844679269863158, 0.9844559612107702, 0.9844439955819256, 0.9844320300997825, 0.9844200647643341, 0.9844080995755832, 0.9843961345335258, 0.9843841696381621, 0.984372204889489, 0.9843602402875032, 0.9843482758322056, 0.9843363115235934, 0.9843243473616637, 0.9843123833464165, 0.9843004194778489, 0.9842884557559596, 0.9842764921807451, 0.9842645287522069, 0.9842525654703405, 0.9842406023351455, 0.984228639346619, 0.98421667650476, 0.9842047138095653, 0.9841927512610363, 0.9841807888591677, 0.9841688266039603, 0.9841568644954096, 0.9841449025335158, 0.9841329407182766, 0.9841209790496915, 0.9841090175277558, 0.9840970561524709, 0.9840850949238329, 0.9840731338418399, 0.9840611729064914, 0.9840492121177836, 0.9840372514757185, 0.98402529098029, 0.9840133306314998, 0.9840013704293443, 0.9839894103738198, 0.9839774504649291, 0.9839654907026649, 0.983953531087032, 0.9839415716180241, 0.9839296122956395, 0.9839176531198769, 0.9839056940907334, 0.9838937352082114, 0.9838817764723048, 0.9838698178830134, 0.9838578594403365, 0.9838459011442696, 0.9838339429948141, 0.9838219849919647, 0.9838100271357226, 0.9837980694260839, 0.983786111863049, 0.9837741544466146, 0.9837621971767785, 0.983750240053539, 0.9837382830768947, 0.9837263262468448, 0.9837143695633869, 0.983702413026519, 0.9836904566362401, 0.9836785003925436, 0.9836665442954351, 0.9836545883449096, 0.983642632540964, 0.9836306768835978, 0.9836187213728086, 0.9836067660085973, 0.983594810790956, 0.983582855719888, 0.9835709007953908, 0.9835589460174616, 0.9835469913860987, 0.9835350369013025, 0.9835230825630672, 0.9835111283713932, 0.9834991743262792, 0.9834872204277237, 0.9834752666757222, 0.983463313070277, 0.9834513596113815, 0.9834394062990371, 0.983427453133242, 0.9834155001139927, 0.9834035472412898, 0.9833915945151285, 0.9833796419355099, 0.98336768950243, 0.9833557372158892, 0.9833437850758835, 0.9833318330824129, 0.9833198812354736, 0.9833079295350668, 0.9832959779811858, 0.9832840265738347, 0.9832720753130079, 0.983260124198705, 0.9832481732309236, 0.9832362224096599, 0.9832242717349158, 0.9832123212066903, 0.9832003708249759, 0.9831884205897752, 0.983176470501086, 0.9831645205589064, 0.9831525707632325, 0.9831406211140649, 0.9831286716114014, 0.9831167222552402, 0.9831047730455775, 0.983092823982415, 0.9830808750657469, 0.9830689262955745, 0.9830569776718958, 0.9830450291947077, 0.9830330808640088, 0.9830211326797978, 0.9830091846420714, 0.9829972367508311, 0.9829852890060714, 0.9829733414077924, 0.9829613939559914, 0.9829494466506689, 0.9829374994918186, 0.9829255524794417, 0.9829136056135397, 0.9829016588941039, 0.9828897123211364, 0.982877765894637, 0.9828658196146006, 0.9828538734810266, 0.9828419274939107, 0.982829981653257, 0.9828180359590597, 0.9828060904113172, 0.9827941450100264, 0.9827821997551905, 0.9827702546468011, 0.9827583096848623, 0.9827463648693696, 0.9827344202003201, 0.9827224756777133, 0.9827105313015467, 0.9826985870718217, 0.9826866429885315, 0.9826746990516765, 0.9826627552612582, 0.9826508116172704, 0.9826388681197125, 0.9826269247685815, 0.9826149815638788, 0.9826030385055997, 0.9825910955937452, 0.9825791528283103, 0.9825672102092957, 0.9825552677366977, 0.9825433254105165, 0.9825313832307476, 0.9825194411973913, 0.9825074993104448, 0.9824955575699095, 0.9824836159757784, 0.9824716745280514, 0.9824597332267307, 0.9824477920718092, 0.9824358510632872, 0.9824239102011638, 0.9824119694854374, 0.9824000289161042, 0.9823880884931623, 0.9823761482166121, 0.9823642080864512, 0.9823522681026766, 0.982340328265287, 0.9823283885742801, 0.9823164490296548, 0.982304509631412, 0.9822925703795455, 0.9822806312740546, 0.982268692314939, 0.9822567535021954, 0.9822448148358234, 0.9822328763158201, 0.982220937942184, 0.9822089997149138, 0.9821970616340068, 0.9821851236994625, 0.9821731859112767, 0.9821612482694508, 0.98214931077398, 0.9821373734248648, 0.9821254362221019, 0.9821134991656915, 0.9821015622556276, 0.9820896254919138, 0.9820776888745442, 0.982065752403521, 0.9820538160788368, 0.9820418799004944, 0.9820299438684911, 0.9820180079828256, 0.9820060722434933, 0.9819941366504928, 0.9819822012038262, 0.9819702659034864, 0.9819583307494778, 0.9819463957417935, 0.981934460880433, 0.9819225261653963, 0.9819105915966784, 0.9818986571742813, 0.9818867228982008, 0.9818747887684338, 0.9818628547849815, 0.9818509209478399, 0.9818389872570096, 0.9818270537124878, 0.981815120314269, 0.9818031870623586, 0.9817912539567487, 0.9817793209974403, 0.9817673881844292, 0.9817554555177184, 0.9817435229973004, 0.9817315906231773, 0.9817196583953467, 0.9817077263138061, 0.981695794378553, 0.9816838625895885, 0.9816719309469062, 0.9816599994505056, 0.9816480681003903, 0.9816361368965524, 0.9816242058389918, 0.9816122749277072, 0.9816003441626969, 0.9815884135439589, 0.9815764830714905, 0.9815645527452912, 0.9815526225653578, 0.9815406925316891, 0.9815287626442865, 0.9815168329031438, 0.9815049033082583, 0.9814929738596334, 0.9814810445572649, 0.9814691154011498, 0.9814571863912872, 0.9814452575276745, 0.9814333288103121, 0.9814214002391953, 0.9814094718143254, 0.9813975435356967, 0.9813856154033102, 0.9813736874171656, 0.9813617595772582, 0.9813498318835857, 0.9813379043361499, 0.9813259769349453, 0.981314049679973, 0.9813021225712292, 0.9812901956087109, 0.9812782687924217, 0.9812663421223543, 0.9812544155985096, 0.9812424892208833, 0.9812305629894766, 0.9812186369042887, 0.9812067109653106, 0.9811947851725505, 0.9811828595259983, 0.9811709340256576, 0.9811590086715228, 0.981147083463595, 0.9811351584018714, 0.9811232334863486, 0.9811113087170276, 0.9810993840939054, 0.9810874596169784, 0.98107553528625, 0.9810636111017121, 0.9810516870633663, 0.9810397631712106, 0.9810278394252416, 0.9810159158254594, 0.9810039923718615, 0.9809920690644467, 0.9809801459032133, 0.9809682228881568, 0.980956300019278, 0.9809443772965751, 0.9809324547200461, 0.9809205322896886, 0.9809086100055012, 0.9808966878674815, 0.9808847658756291, 0.9808728440299415, 0.9808609223304154, 0.9808490007770521, 0.9808370793698455, 0.9808251581087996, 0.9808132369939057, 0.9808013160251688, 0.9807893952025819, 0.9807774745261458, 0.9807655539958591, 0.980753633611718, 0.9807417133737231, 0.9807297932818706, 0.9807178733361599, 0.9807059535365876, 0.9806940338831526, 0.9806821143758558, 0.9806701950146918, 0.9806582757996615, 0.9806463567307595, 0.9806344378079889, 0.9806225190313433, 0.980610600400823, 0.9805986819164269, 0.9805867635781523, 0.9805748453859972, 0.9805629273399608, 0.9805510094400391, 0.9805390916862328, 0.980527174078539, 0.9805152566169568, 0.9805033393014844, 0.9804914221321177, 0.980479505108857, 0.9804675882316992, 0.9804556715006433, 0.9804437549156889, 0.9804318384768324, 0.9804199221840736, 0.9804080060374065, 0.9803960900368349, 0.9803841741823542, 0.9803722584739611, 0.9803603429116574, 0.9803484274954397, 0.9803365122253049, 0.9803245971012516, 0.9803126821232787, 0.9803007672913887, 0.9802888526055714, 0.9802769380658294, 0.9802650236721618, 0.980253109424565, 0.9802411953230383, 0.9802292813675791, 0.9802173675581878, 0.9802054538948586, 0.9801935403775912, 0.9801816270063867, 0.9801697137812412, 0.9801578007021521, 0.9801458877691175, 0.980133974982138, 0.9801220623412096, 0.9801101498463298, 0.9800982374975, 0.9800863252947154, 0.9800744132379767, 0.98006250132728, 0.9800505895626251, 0.9800386779440065, 0.980026766471429] 0.8873407848647004
Brians-MacBook-Pro-3:box_office_predict bwang$ python botrain.py
0.980026766471429 0.8873407848647004
Traceback (most recent call last):
  File "botrain.py", line 173, in <module>
    p = bo_train()
  File "botrain.py", line 57, in __init__
    graph_error(error_list)
NameError: name 'graph_error' is not defined
Brians-MacBook-Pro-3:box_office_predict bwang$ python botrain.py
0.980026766471429 0.8873407848647004
Brians-MacBook-Pro-3:box_office_predict bwang$ python botrain.py
3.174211623978784 2.8461367884084527
Brians-MacBook-Pro-3:box_office_predict bwang$ python botrain.py
9.899149352331197e+82 9.997322177988597e+82
Brians-MacBook-Pro-3:box_office_predict bwang$ python botrain.py
3.174211623978784 2.8461367884084527
Brians-MacBook-Pro-3:box_office_predict bwang$ python botrain.py
0.980026766471429 0.8873407848647004
Brians-MacBook-Pro-3:box_office_predict bwang$ python botrain.py
0.980026766471429 0.8873407848647004
Brians-MacBook-Pro-3:box_office_predict bwang$ python botrain.py
0.980026766471429 0.8873407848647004
Brians-MacBook-Pro-3:box_office_predict bwang$ python botrain.py
0.980026766471429 0.8873407848647004
Traceback (most recent call last):
  File "botrain.py", line 181, in <module>
    p = bo_train()
  File "botrain.py", line 58, in __init__
    self.graph_model(x, y, m, b, epochs)
NameError: name 'x' is not defined
Brians-MacBook-Pro-3:box_office_predict bwang$ python botrain.py
0.980026766471429 0.8873407848647004
Traceback (most recent call last):
  File "botrain.py", line 181, in <module>
    p = bo_train()
  File "botrain.py", line 58, in __init__
    self.graph_model(x_train, y_train, m, b, epochs)
  File "botrain.py", line 167, in graph_model
    plt.plot(x, m*x + b, lable='trained model')
  File "/anaconda3/lib/python3.6/site-packages/matplotlib/pyplot.py", line 3358, in plot
    ret = ax.plot(*args, **kwargs)
  File "/anaconda3/lib/python3.6/site-packages/matplotlib/__init__.py", line 1855, in inner
    return func(ax, *args, **kwargs)
  File "/anaconda3/lib/python3.6/site-packages/matplotlib/axes/_axes.py", line 1527, in plot
    for line in self._get_lines(*args, **kwargs):
  File "/anaconda3/lib/python3.6/site-packages/matplotlib/axes/_base.py", line 406, in _grab_next_args
    for seg in self._plot_args(this, kwargs):
  File "/anaconda3/lib/python3.6/site-packages/matplotlib/axes/_base.py", line 396, in _plot_args
    seg = func(x[:, j % ncx], y[:, j % ncy], kw, kwargs)
  File "/anaconda3/lib/python3.6/site-packages/matplotlib/axes/_base.py", line 300, in _makeline
    seg = mlines.Line2D(x, y, **kw)
  File "/anaconda3/lib/python3.6/site-packages/matplotlib/lines.py", line 421, in __init__
    self.update(kwargs)
  File "/anaconda3/lib/python3.6/site-packages/matplotlib/artist.py", line 888, in update
    for k, v in props.items()]
  File "/anaconda3/lib/python3.6/site-packages/matplotlib/artist.py", line 888, in <listcomp>
    for k, v in props.items()]
  File "/anaconda3/lib/python3.6/site-packages/matplotlib/artist.py", line 881, in _update_property
    raise AttributeError('Unknown property %s' % k)
AttributeError: Unknown property lable
Brians-MacBook-Pro-3:box_office_predict bwang$ python botrain.py
0.980026766471429 0.8873407848647004
Brians-MacBook-Pro-3:box_office_predict bwang$ python botrain.py
0.980026766471429 0.8873407848647004
Brians-MacBook-Pro-3:box_office_predict bwang$ python botrain.py
0.980026766471429 0.8873407848647004
Brians-MacBook-Pro-3:box_office_predict bwang$ python botrain.py
0.9824119694854374 0.889510886234778
Brians-MacBook-Pro-3:box_office_predict bwang$ python botrain.py
8213.029330205776 8150.313839059273
Brians-MacBook-Pro-3:box_office_predict bwang$ python botrain.py
0.980026766471429 0.8873407848647004
0.015012751357142728 -0.002356723508442547
Brians-MacBook-Pro-3:box_office_predict bwang$ python botrain.py
8206.66963428131 8145.046571280927
1.4392513995420615 0.28570778649628376
^[[A^Z
[1]+  Stopped                 python botrain.py
Brians-MacBook-Pro-3:box_office_predict bwang$ python botrain.py
8159.46517145468 8105.971965429426
1.4325690991975522 1.1271518735216957
Brians-MacBook-Pro-3:box_office_predict bwang$ python botrain.py
0.9623227396836607 0.8712338222743994
0.01488334056644133 0.013938854214646591
Brians-MacBook-Pro-3:box_office_predict bwang$ python botrain.py
0.980026766471429 0.8873407848647004
0.015012751357142728 -0.002356723508442547
Brians-MacBook-Pro-3:box_office_predict bwang$ python botrain.py
botrain.py:118: RuntimeWarning: overflow encountered in double_scalars
  sum += (y[i] - (m*x[i] + b)) ** 2
botrain.py:153: RuntimeWarning: overflow encountered in double_scalars
  m_gradient += -(2/n) * x[i] * (y[i] - ((m_current * x[i]) + b_current))
botrain.py:156: RuntimeWarning: invalid value encountered in double_scalars
  new_m = m_current - (learning_rate * m_gradient)
nan nan
nan nan
Brians-MacBook-Pro-3:box_office_predict bwang$ python botrain.py
botrain.py:118: RuntimeWarning: overflow encountered in double_scalars
  sum += (y[i] - (m*x[i] + b)) ** 2
botrain.py:153: RuntimeWarning: overflow encountered in double_scalars
  m_gradient += -(2/n) * x[i] * (y[i] - ((m_current * x[i]) + b_current))
botrain.py:156: RuntimeWarning: invalid value encountered in double_scalars
  new_m = m_current - (learning_rate * m_gradient)
nan nan
nan nan
Brians-MacBook-Pro-3:box_office_predict bwang$ python botrain.py
1.0174645743603375e+83 1.0275550749393355e+83
3.04161792137279e+39 2.4154907969827935e+37
Brians-MacBook-Pro-3:box_office_predict bwang$ python botrain.py
0.9854040526027882 0.8921779838716242
0.015066397467637565 -0.007274512928773974
Brians-MacBook-Pro-3:box_office_predict bwang$ python botrain.py
8563.510919686752 8644.982774197078
0.8974163576847463 -0.0008091907221448773
Brians-MacBook-Pro-3:box_office_predict bwang$ python botrain.py
0.980026766471429 0.8873407848647004
0.015012751357142728 -0.002356723508442547
Traceback (most recent call last):
  File "botrain.py", line 183, in <module>
    p = bo_train()
  File "botrain.py", line 56, in __init__
    print(self.lr(x_train, y_train))
  File "botrain.py", line 138, in lr
    lr_stats = get_lr_stats(x, y)
NameError: name 'get_lr_stats' is not defined
Brians-MacBook-Pro-3:box_office_predict bwang$ python botrain.py
0.980026766471429 0.8873407848647004
0.015012751357142728 -0.002356723508442547
(0.000874263268763937, 1.7779803742128755)
Brians-MacBook-Pro-3:box_office_predict bwang$ python botrain.py
0.980026766471429 0.8873407848647004
0.015012751357142728 -0.002356723508442547
(0.000874263268763937, 1.7779803742128755)
Traceback (most recent call last):
  File "botrain.py", line 183, in <module>
    p = bo_train()
  File "botrain.py", line 60, in __init__
    self.graph_model(x_train, y_train, self.lr(x_train, y_train).m, self.lr(x_train, y_train).b, epochs)
AttributeError: 'tuple' object has no attribute 'm'
Brians-MacBook-Pro-3:box_office_predict bwang$ python botrain.py
0.980026766471429 0.8873407848647004
0.015012751357142728 -0.002356723508442547
(0.000874263268763937, 1.7779803742128755)
Brians-MacBook-Pro-3:box_office_predict bwang$ 
  [Restored Jul 30, 2018, 1:45:27 PM]
Last login: Mon Jul 30 12:41:20 on ttys000
Restored session: Mon Jul 30 13:45:22 CDT 2018
Brians-MacBook-Pro-3:box_office_predict bwang$ python botrain.py
0.980026766471429 0.8873407848647004
0.015012751357142728 -0.002356723508442547
(0.000874263268763937, 1.7779803742128755)
Brians-MacBook-Pro-3:box_office_predict bwang$ python botrain.py
0.980026766471429 0.8873407848647004
0.015012751357142728 -0.002356723508442547
(0.000874263268763937, 1.7779803742128755)

